## Aditional point(s)
3.91    0.127   0.042
## fpi2_th_pionct.dat.final.no.4 multiplied by Q2
1.6	0.2425	0.015875
2.45	0.1669387755	0.0162857143
2.15	0.1906976744	0.0162325581
## Original data from fpi2_th_pionct.dat.final.no.4
# 1.60    0.388   0.0254
# 2.45    0.409   0.0399
# 2.15    0.410   0.0349
## cea.dat
0.18    0.850    .044 
0.29    0.634    .029
0.40    0.570    .016
0.79    0.384    .014
1.19    0.238    .017
## Original data from cea.dat
#.18     2.1 .850    .044    .046
#.29     2.15    .634    .029    .026
#.40     2.15    .570    .016    .021
#.79     2.15    .384    .014    .012
#1.19    2.15    .238    .017    .009
## cornell.dat
1.18	0.256	.026
1.94	0.193	.025
3.33	0.086	.033
6.3     0.059   .03
9.77    0.070   .019
## Original data from cornell.dat
#1.18	2.11	.256	.026
#1.94	2.67	.193	.025
#3.33	2.63	.086	.033
#6.3     2.      .059    .03
#9.77    2.      .070    .019
## fpi_vardan_new.dat
.600	.433	.017
.750	.341	.022
1.00	.312	.016
1.60	.233	.014
## Original data from fpi_vardan_new.dat
#.600	.433	.017	.137  0.036
#.750	.341	.022	.078  0.031
#1.00	.312	.016	.035  0.019
#1.60	.233	.014	.013  0.010
## elastic.dat
.015	.944	.007	
.017	.921	.006
.019	.933	.006
.021	.926	.006
.023	.914	.007
.025	.905	.007
.027	.898	.008
.029	.884	.008
.031	.884	.009
.033	.890	.009
.035	.866	.010
.037	.876	.011
.039	.857	.011
.042	.849	.009
.046	.837	.009
.050	.830	.010
.054	.801	.011
.058	.800	.012
.062	.809	.012
.066	.786	.014
.070	.785	.015
.074	.777	.016
.078	.769	.017
.083	.757	.015
.089	.715	.016
.095	.724	.018
.101	.680	.017
.107	.696	.019
.113	.688	.020
.119	.676	.021
.125	.665	.023
.131	.651	.024
.137	.646	.027
.144	.616	.023
.153	.654	.023
.163	.563	.024
.173	.534	.030
.183	.586	.034
.193	.544	.036
.203	.529	.040
.213	.616	.048
.223	.487	.049
.233	.417	.058
.243	.593	.074

